0 0.260000 0.104167 0.086667 0.136905
0 0.075000 0.187500 0.083333 0.148810
0 0.273333 0.377976 0.106667 0.184524
0 0.126667 0.708333 0.093333 0.202381
0 0.051667 0.830357 0.090000 0.244048
0 0.573333 0.750000 0.120000 0.214286
0 0.506667 0.306548 0.100000 0.208333
0 0.665000 0.086310 0.070000 0.160714
0 0.750000 0.101190 0.073333 0.178571
0 0.931667 0.547619 0.083333 0.166667
0 0.891667 0.181548 0.076667 0.172619
0 0.646667 0.369048 0.080000 0.178571
0 0.378333 0.913690 0.076667 0.148810
0 0.483333 0.116071 0.086667 0.136905
1 0.103333 0.339286 0.093333 0.190476
