0 0.258984 0.102083 0.064844 0.112500
0 0.080859 0.202083 0.061719 0.109722
0 0.043359 0.845139 0.074219 0.154167
0 0.124219 0.740278 0.075000 0.138889
0 0.173437 0.647222 0.053125 0.130556
0 0.270313 0.381944 0.064062 0.127778
0 0.499609 0.300694 0.061719 0.118056
0 0.643359 0.381250 0.063281 0.112500
0 0.378906 0.910417 0.071875 0.151389
0 0.568750 0.788194 0.071875 0.137500
0 0.510156 0.685417 0.048438 0.109722
0 0.658594 0.109028 0.057813 0.118056
0 0.750781 0.102083 0.057813 0.134722
0 0.827734 0.034722 0.052344 0.063889
0 0.892969 0.200694 0.064062 0.112500
0 0.932422 0.568056 0.071094 0.125000
0 0.485156 0.106944 0.065625 0.111111
1 0.105469 0.345139 0.073438 0.159722
